File name: ../test_sequence/sequence_H.txt
148;27;-13.30;-10.10
149;34;-24.10;-12.80
150;37;-14.90;-6.60
151;24;-9.80;-5.70
152;24;-15.70;-10.40
153;31;-13.20;-5.40
154;121;-58.30;-42.90
155;31;-13.70;-7.30
156;33;-11.60;-3.10
157;24;-12.00;-8.00
158;55;-18.00;-6.60
159;30;-12.60;-3.10
160;24;-9.20;-5.50
161;29;-13.70;-6.00
162;35;-17.30;-11.30
163;22;-11.00;-5.40
164;33;-12.80;-5.30
165;27;-10.30;-6.50
166;34;-5.60;-7.10
167;24;-12.30;-5.00
168;23;-11.90;-7.70
169;22;-11.70;-6.00
170;30;-11.90;-3.10
171;28;-12.40;-8.60
172;22;-11.80;-5.30
173;36;-15.30;-3.50
174;33;-12.20;-5.10
175;30;-14.00;-5.40
176;26;-15.10;-6.10
177;47;-24.30;-8.90
178;22;-11.00;-5.40
179;31;-12.90;-6.40
180;24;-19.40;-9.30
181;26;-8.10;-3.90
182;26;-15.30;-9.90
183;11;0.00;0.00
184;26;-13.90;-6.00
185;29;-9.40;-9.40
186;53;-24.10;-19.90
187;40;-17.00;-7.60
188;25;-11.40;-7.60
189;28;-16.90;-9.90
190;82;-37.60;-27.60
191;30;-13.70;-4.90
192;27;-14.70;-8.30
193;31;-10.50;-6.00
194;68;-23.20;-13.00
195;45;-30.10;-23.10
196;24;-12.30;-7.00
197;56;-21.50;-13.40
198;61;-23.20;-12.30
199;46;-25.00;-21.30
200;29;-14.70;-4.00
201;56;-21.70;-12.50
202;32;-12.00;-6.60
203;66;-35.00;-27.10
204;47;-19.50;-13.80
205;55;-16.60;-12.20
206;23;-10.20;-5.50
207;60;-27.00;-22.50
208;50;-19.10;-9.60
209;40;-20.10;-12.20
210;54;-22.70;-17.30
211;67;-24.20;-16.00
212;50;-20.00;-13.30
213;33;-13.30;-10.90
214;41;-21.70;-13.80
215;28;-11.30;-8.50
216;42;-25.40;-16.10
217;42;-20.70;-12.20
218;40;-17.20;-10.50
219;42;-25.40;-16.10
220;62;-44.30;-27.00
221;61;-32.90;-22.60
222;47;-15.80;-10.10
223;40;-20.50;-11.00
224;42;-19.80;-10.40
225;49;-26.50;-15.50
226;40;-17.60;-13.60
227;40;-17.50;-11.80
228;26;-9.90;-3.70
229;42;-23.90;-14.40
230;26;-10.90;-4.70
231;28;-10.80;-6.10
232;40;-20.60;-11.00
233;24;-10.20;-6.80
234;29;-15.80;-8.60
235;41;-19.90;-13.20
236;32;-11.90;-3.30
237;34;-14.70;-6.30
238;42;-24.00;-14.70
239;24;-11.10;-8.50
240;24;-11.70;-5.60
241;42;-22.20;-15.70
242;22;-6.80;-6.70
243;29;-10.80;-4.60
244;48;-19.80;-13.30
245;38;-22.40;-13.70
246;32;-14.80;-3.20
247;49;-18.20;-9.50
248;38;-21.90;-15.80
249;62;-34.20;-20.40
250;51;-20.80;-15.50
251;45;-24.30;-22.70
252;33;-16.60;-12.20
253;45;-24.60;-20.70
254;38;-21.60;-13.30
255;37;-10.60;-3.40
256;38;-19.70;-13.30
257;24;-16.00;-7.90
258;29;-7.50;-1.20
259;39;-21.50;-12.40
260;33;-11.80;-7.30
261;21;-6.00;-0.50
262;38;-17.10;-11.60
263;27;-9.60;-5.00
264;32;-10.50;-6.20
265;39;-22.40;-14.10
266;24;-8.20;-7.60
267;26;-13.60;-10.50
268;70;-19.10;-13.90
269;68;-38.00;-25.50
270;37;-18.70;-11.80
271;33;-11.60;-5.90
272;33;-11.90;-2.50
273;43;-14.40;-8.30
274;37;-18.70;-11.80
275;23;-9.00;-5.80
276;26;-12.90;-5.70
277;45;-18.20;-9.20
278;28;-10.50;-7.10
279;38;-21.90;-15.80
280;24;-12.60;-7.30
281;21;-9.90;-5.70
282;71;-23.40;-9.60
283;29;-13.90;-6.10
284;37;-19.90;-10.60
285;32;-13.20;-3.30
286;23;-8.90;-2.70
287;30;-16.20;-9.90
288;37;-18.70;-11.80
289;62;-35.30;-25.90
290;26;-10.90;-5.50
291;45;-17.70;-6.70
292;27;-13.90;-5.80
293;63;-38.70;-28.00
294;28;-9.90;-5.60
295;73;-37.50;-28.60
296;30;-13.00;-7.40
297;41;-22.00;-14.60
298;25;-12.80;-6.30
299;72;-35.90;-28.90
300;26;-12.10;-5.20
301;40;-21.00;-14.00
302;72;-26.50;-18.00
303;25;-6.70;-3.10
304;38;-18.30;-12.50
305;32;-9.00;-5.10
306;28;-12.10;-5.80
307;40;-17.00;-7.00
308;24;-9.80;-3.30
309;40;-17.00;-7.00
310;35;-10.00;-5.50
311;45;-18.30;-10.60
312;30;-13.30;-5.50
313;40;-17.80;-9.30
314;70;-21.10;-13.30
315;26;-15.70;-6.50
316;41;-22.30;-13.00
317;25;-5.60;-2.10
318;41;-22.20;-12.90
319;23;-8.30;-5.60
320;43;-17.40;-13.80
321;24;-10.30;-5.40
322;41;-23.60;-12.60
323;24;-11.10;-4.00
324;70;-23.30;-16.50
325;25;-10.60;-8.60
326;41;-21.00;-13.60
327;35;-13.70;-4.90
328;24;-10.30;-5.40
329;44;-20.00;-9.60
330;26;-9.90;-6.40
331;40;-21.00;-11.60
332;73;-25.20;-24.80
333;33;-19.30;-12.90
334;41;-21.00;-13.60
335;31;-12.10;-7.80
336;29;-11.40;-7.20
337;39;-16.70;-11.90
338;26;-14.50;-8.20
339;63;-30.30;-27.60
340;25;-12.90;-7.90
341;39;-13.50;-6.50
342;24;-12.00;-2.80
343;48;-19.20;-10.90
344;39;-17.80;-14.80
345;25;-10.20;-5.90
346;39;-11.40;-3.30
347;64;-25.70;-20.70
348;41;-14.10;-8.80
349;26;-12.20;-5.90
350;39;-17.80;-13.30
351;32;-13.20;-3.30
352;71;-37.40;-28.90
353;61;-36.30;-23.10
354;46;-22.40;-15.90
355;57;-25.40;-12.90
356;61;-32.30;-23.20
357;52;-26.50;-18.20
358;33;-17.90;-9.50
359;30;-16.70;-8.40
360;35;-13.00;-3.90
361;70;-39.90;-31.40
